Dynamical matrix file
Phonons on a uniform q-grid                                                
  2    2   2  10.5000000   0.0000000   0.0000000   0.0000000   0.0000000   0.0000000
           1  'Al  '    24590.765679071552     
           2  'As  '    68285.402693700540     
    1    1      0.0000000000      0.0000000000      0.0000000000
    2    2      0.2500000000      0.2500000000      0.2500000000

     Dynamical  Matrix in cartesian axes

     q = (    0.500000000   0.000000000   0.500000000 ) 

    1    1
  0.21614430   0.00000000     0.00000000  -0.01571041     0.01655717   0.00000000
  0.00000000   0.01571041     0.22889518   0.00000000     0.00000000   0.01571041
  0.01655717   0.00000000     0.00000000  -0.01571041     0.21614430   0.00000000
    1    2
  0.00000000   0.10499011    -0.07758699  -0.00000000     0.00000000  -0.07488000
 -0.09385575  -0.00000000    -0.00000000   0.10857081    -0.09385575  -0.00000000
  0.00000000  -0.07488000    -0.07758699  -0.00000000     0.00000000   0.10499011
    2    1
  0.00000000  -0.10499011    -0.09385575   0.00000000     0.00000000   0.07488000
 -0.07758699   0.00000000    -0.00000000  -0.10857081    -0.07758699   0.00000000
  0.00000000   0.07488000    -0.09385575   0.00000000    -0.00000000  -0.10499011
    2    2
  0.23961401   0.00000000    -0.00000000  -0.01316333     0.02523099   0.00000000
  0.00000000   0.01316333     0.24755622   0.00000000     0.00000000   0.01316333
  0.02523099   0.00000000    -0.00000000  -0.01316333     0.23961401   0.00000000

     Dynamical  Matrix in cartesian axes

     q = (   -0.500000000  -0.500000000   0.000000000 ) 

    1    1
  0.21614430   0.00000000     0.01655717   0.00000000     0.00000000   0.01571041
  0.01655717   0.00000000     0.21614430   0.00000000     0.00000000   0.01571041
 -0.00000000  -0.01571041     0.00000000  -0.01571041     0.22889518   0.00000000
    1    2
  0.00000000  -0.10499011     0.00000000   0.07488000    -0.07758699   0.00000000
  0.00000000   0.07488000    -0.00000000  -0.10499011    -0.07758699   0.00000000
 -0.09385575   0.00000000    -0.09385575   0.00000000    -0.00000000  -0.10857081
    2    1
 -0.00000000   0.10499011     0.00000000  -0.07488000    -0.09385575   0.00000000
  0.00000000  -0.07488000    -0.00000000   0.10499011    -0.09385575   0.00000000
 -0.07758699   0.00000000    -0.07758699   0.00000000    -0.00000000   0.10857081
    2    2
  0.23961401   0.00000000     0.02523099   0.00000000    -0.00000000   0.01316333
  0.02523099   0.00000000     0.23961401   0.00000000    -0.00000000   0.01316333
  0.00000000  -0.01316333     0.00000000  -0.01316333     0.24755622   0.00000000

     Dynamical  Matrix in cartesian axes

     q = (   -0.500000000   0.500000000   0.000000000 ) 

    1    1
  0.21614430   0.00000000    -0.01655717   0.00000000    -0.00000000  -0.01571041
 -0.01655717   0.00000000     0.21614430   0.00000000     0.00000000   0.01571041
 -0.00000000   0.01571041     0.00000000  -0.01571041     0.22889518   0.00000000
    1    2
 -0.10499011  -0.00000000    -0.07488000   0.00000000     0.00000000  -0.07758699
 -0.07488000   0.00000000    -0.10499011  -0.00000000    -0.00000000   0.07758699
  0.00000000  -0.09385575    -0.00000000   0.09385575    -0.10857081   0.00000000
    2    1
 -0.10499011   0.00000000    -0.07488000   0.00000000     0.00000000   0.09385575
 -0.07488000   0.00000000    -0.10499011   0.00000000    -0.00000000  -0.09385575
  0.00000000   0.07758699    -0.00000000  -0.07758699    -0.10857081   0.00000000
    2    2
  0.23961401   0.00000000    -0.02523099   0.00000000     0.00000000  -0.01316333
 -0.02523099   0.00000000     0.23961401   0.00000000     0.00000000   0.01316333
  0.00000000   0.01316333     0.00000000  -0.01316333     0.24755622   0.00000000

     Dynamical  Matrix in cartesian axes

     q = (   -0.500000000   0.000000000   0.500000000 ) 

    1    1
  0.21614430   0.00000000    -0.00000000  -0.01571041    -0.01655717   0.00000000
  0.00000000   0.01571041     0.22889518   0.00000000     0.00000000  -0.01571041
 -0.01655717   0.00000000     0.00000000   0.01571041     0.21614430   0.00000000
    1    2
 -0.10499011  -0.00000000     0.00000000  -0.07758699    -0.07488000   0.00000000
  0.00000000  -0.09385575    -0.10857081   0.00000000    -0.00000000   0.09385575
 -0.07488000   0.00000000    -0.00000000   0.07758699    -0.10499011   0.00000000
    2    1
 -0.10499011   0.00000000     0.00000000   0.09385575    -0.07488000   0.00000000
  0.00000000   0.07758699    -0.10857081   0.00000000    -0.00000000  -0.07758699
 -0.07488000   0.00000000     0.00000000  -0.09385575    -0.10499011   0.00000000
    2    2
  0.23961401   0.00000000     0.00000000  -0.01316333    -0.02523099   0.00000000
  0.00000000   0.01316333     0.24755622   0.00000000     0.00000000  -0.01316333
 -0.02523099   0.00000000     0.00000000   0.01316333     0.23961401   0.00000000

     Dynamical  Matrix in cartesian axes

     q = (    0.500000000   0.000000000  -0.500000000 ) 

    1    1
  0.21614430   0.00000000     0.00000000   0.01571041    -0.01655717   0.00000000
 -0.00000000  -0.01571041     0.22889518   0.00000000     0.00000000   0.01571041
 -0.01655717   0.00000000     0.00000000  -0.01571041     0.21614430   0.00000000
    1    2
 -0.10499011  -0.00000000    -0.00000000   0.07758699    -0.07488000   0.00000000
 -0.00000000   0.09385575    -0.10857081   0.00000000     0.00000000  -0.09385575
 -0.07488000   0.00000000     0.00000000  -0.07758699    -0.10499011  -0.00000000
    2    1
 -0.10499011   0.00000000     0.00000000  -0.09385575    -0.07488000   0.00000000
 -0.00000000  -0.07758699    -0.10857081   0.00000000     0.00000000   0.07758699
 -0.07488000   0.00000000     0.00000000   0.09385575    -0.10499011   0.00000000
    2    2
  0.23961401   0.00000000     0.00000000   0.01316333    -0.02523099   0.00000000
  0.00000000  -0.01316333     0.24755622   0.00000000     0.00000000   0.01316333
 -0.02523099   0.00000000     0.00000000  -0.01316333     0.23961401   0.00000000

     Dynamical  Matrix in cartesian axes

     q = (   -0.500000000   0.000000000  -0.500000000 ) 

    1    1
  0.21614430   0.00000000     0.00000000   0.01571041     0.01655717   0.00000000
  0.00000000  -0.01571041     0.22889518   0.00000000    -0.00000000  -0.01571041
  0.01655717   0.00000000     0.00000000   0.01571041     0.21614430   0.00000000
    1    2
  0.00000000  -0.10499011    -0.07758699  -0.00000000     0.00000000   0.07488000
 -0.09385575   0.00000000    -0.00000000  -0.10857081    -0.09385575   0.00000000
  0.00000000   0.07488000    -0.07758699  -0.00000000     0.00000000  -0.10499011
    2    1
  0.00000000   0.10499011    -0.09385575   0.00000000     0.00000000  -0.07488000
 -0.07758699  -0.00000000    -0.00000000   0.10857081    -0.07758699  -0.00000000
  0.00000000  -0.07488000    -0.09385575   0.00000000    -0.00000000   0.10499011
    2    2
  0.23961401   0.00000000    -0.00000000   0.01316333     0.02523099   0.00000000
  0.00000000  -0.01316333     0.24755622   0.00000000     0.00000000  -0.01316333
  0.02523099   0.00000000    -0.00000000   0.01316333     0.23961401   0.00000000

     Dynamical  Matrix in cartesian axes

     q = (    0.500000000   0.500000000   0.000000000 ) 

    1    1
  0.21614430   0.00000000     0.01655717   0.00000000    -0.00000000  -0.01571041
  0.01655717   0.00000000     0.21614430   0.00000000    -0.00000000  -0.01571041
  0.00000000   0.01571041     0.00000000   0.01571041     0.22889518   0.00000000
    1    2
  0.00000000   0.10499011     0.00000000  -0.07488000    -0.07758699  -0.00000000
  0.00000000  -0.07488000    -0.00000000   0.10499011    -0.07758699  -0.00000000
 -0.09385575   0.00000000    -0.09385575   0.00000000    -0.00000000   0.10857081
    2    1
 -0.00000000  -0.10499011     0.00000000   0.07488000    -0.09385575   0.00000000
  0.00000000   0.07488000    -0.00000000  -0.10499011    -0.09385575   0.00000000
 -0.07758699  -0.00000000    -0.07758699  -0.00000000    -0.00000000  -0.10857081
    2    2
  0.23961401   0.00000000     0.02523099   0.00000000    -0.00000000  -0.01316333
  0.02523099   0.00000000     0.23961401   0.00000000    -0.00000000  -0.01316333
  0.00000000   0.01316333     0.00000000   0.01316333     0.24755622   0.00000000

     Dynamical  Matrix in cartesian axes

     q = (    0.500000000  -0.500000000   0.000000000 ) 

    1    1
  0.21614430   0.00000000    -0.01655717   0.00000000     0.00000000   0.01571041
 -0.01655717   0.00000000     0.21614430   0.00000000     0.00000000  -0.01571041
 -0.00000000  -0.01571041     0.00000000   0.01571041     0.22889518   0.00000000
    1    2
 -0.10499011  -0.00000000    -0.07488000   0.00000000    -0.00000000   0.07758699
 -0.07488000   0.00000000    -0.10499011  -0.00000000     0.00000000  -0.07758699
 -0.00000000   0.09385575     0.00000000  -0.09385575    -0.10857081  -0.00000000
    2    1
 -0.10499011   0.00000000    -0.07488000  -0.00000000    -0.00000000  -0.09385575
 -0.07488000   0.00000000    -0.10499011  -0.00000000     0.00000000   0.09385575
  0.00000000  -0.07758699     0.00000000   0.07758699    -0.10857081   0.00000000
    2    2
  0.23961401   0.00000000    -0.02523099   0.00000000     0.00000000   0.01316333
 -0.02523099   0.00000000     0.23961401   0.00000000     0.00000000  -0.01316333
  0.00000000  -0.01316333     0.00000000   0.01316333     0.24755622   0.00000000

     Dynamical  Matrix in cartesian axes

     q = (    0.000000000   0.500000000   0.500000000 ) 

    1    1
  0.22889518   0.00000000     0.00000000   0.01571041    -0.00000000   0.01571041
 -0.00000000  -0.01571041     0.21614430   0.00000000     0.01655717   0.00000000
 -0.00000000  -0.01571041     0.01655717   0.00000000     0.21614430   0.00000000
    1    2
  0.00000000   0.10857081    -0.09385575  -0.00000000    -0.09385575  -0.00000000
 -0.07758699  -0.00000000     0.00000000   0.10499011    -0.00000000  -0.07488000
 -0.07758699  -0.00000000     0.00000000  -0.07488000     0.00000000   0.10499011
    2    1
  0.00000000  -0.10857081    -0.07758699   0.00000000    -0.07758699   0.00000000
 -0.09385575   0.00000000    -0.00000000  -0.10499011     0.00000000   0.07488000
 -0.09385575   0.00000000     0.00000000   0.07488000    -0.00000000  -0.10499011
    2    2
  0.24755622   0.00000000     0.00000000   0.01316333     0.00000000   0.01316333
  0.00000000  -0.01316333     0.23961401   0.00000000     0.02523099   0.00000000
 -0.00000000  -0.01316333     0.02523099   0.00000000     0.23961401   0.00000000

     Dynamical  Matrix in cartesian axes

     q = (    0.000000000   0.500000000  -0.500000000 ) 

    1    1
  0.22889518   0.00000000    -0.00000000  -0.01571041     0.00000000   0.01571041
  0.00000000   0.01571041     0.21614430   0.00000000    -0.01655717   0.00000000
 -0.00000000  -0.01571041    -0.01655717   0.00000000     0.21614430   0.00000000
    1    2
 -0.10857081   0.00000000    -0.00000000   0.09385575     0.00000000  -0.09385575
 -0.00000000   0.07758699    -0.10499011   0.00000000    -0.07488000   0.00000000
  0.00000000  -0.07758699    -0.07488000   0.00000000    -0.10499011   0.00000000
    2    1
 -0.10857081   0.00000000     0.00000000  -0.07758699    -0.00000000   0.07758699
  0.00000000  -0.09385575    -0.10499011   0.00000000    -0.07488000  -0.00000000
  0.00000000   0.09385575    -0.07488000  -0.00000000    -0.10499011   0.00000000
    2    2
  0.24755622   0.00000000    -0.00000000  -0.01316333    -0.00000000   0.01316333
  0.00000000   0.01316333     0.23961401   0.00000000    -0.02523099   0.00000000
  0.00000000  -0.01316333    -0.02523099   0.00000000     0.23961401   0.00000000

     Dynamical  Matrix in cartesian axes

     q = (    0.000000000  -0.500000000  -0.500000000 ) 

    1    1
  0.22889518   0.00000000    -0.00000000  -0.01571041    -0.00000000  -0.01571041
  0.00000000   0.01571041     0.21614430   0.00000000     0.01655717   0.00000000
 -0.00000000   0.01571041     0.01655717   0.00000000     0.21614430   0.00000000
    1    2
  0.00000000  -0.10857081    -0.09385575   0.00000000    -0.09385575   0.00000000
 -0.07758699   0.00000000     0.00000000  -0.10499011     0.00000000   0.07488000
 -0.07758699   0.00000000     0.00000000   0.07488000     0.00000000  -0.10499011
    2    1
  0.00000000   0.10857081    -0.07758699  -0.00000000    -0.07758699   0.00000000
 -0.09385575   0.00000000    -0.00000000   0.10499011     0.00000000  -0.07488000
 -0.09385575  -0.00000000     0.00000000  -0.07488000    -0.00000000   0.10499011
    2    2
  0.24755622   0.00000000     0.00000000  -0.01316333     0.00000000  -0.01316333
  0.00000000   0.01316333     0.23961401   0.00000000     0.02523099   0.00000000
 -0.00000000   0.01316333     0.02523099   0.00000000     0.23961401   0.00000000

     Dynamical  Matrix in cartesian axes

     q = (    0.000000000  -0.500000000   0.500000000 ) 

    1    1
  0.22889518   0.00000000     0.00000000   0.01571041    -0.00000000  -0.01571041
  0.00000000  -0.01571041     0.21614430   0.00000000    -0.01655717   0.00000000
 -0.00000000   0.01571041    -0.01655717   0.00000000     0.21614430   0.00000000
    1    2
 -0.10857081   0.00000000     0.00000000  -0.09385575    -0.00000000   0.09385575
  0.00000000  -0.07758699    -0.10499011   0.00000000    -0.07488000   0.00000000
 -0.00000000   0.07758699    -0.07488000   0.00000000    -0.10499011   0.00000000
    2    1
 -0.10857081   0.00000000     0.00000000   0.07758699    -0.00000000  -0.07758699
  0.00000000   0.09385575    -0.10499011   0.00000000    -0.07488000  -0.00000000
  0.00000000  -0.09385575    -0.07488000  -0.00000000    -0.10499011   0.00000000
    2    2
  0.24755622   0.00000000    -0.00000000   0.01316333    -0.00000000  -0.01316333
  0.00000000  -0.01316333     0.23961401   0.00000000    -0.02523099   0.00000000
  0.00000000   0.01316333    -0.02523099   0.00000000     0.23961401   0.00000000

     Diagonalizing the dynamical matrix

     q = (    0.500000000   0.000000000   0.500000000 ) 

 **************************************************************************
     freq (    1) =       2.510217 [THz] =      83.731811 [cm-1]
 ( -0.000000 -0.492551 -0.000000  0.000000 -0.000000  0.492551 ) 
 (  0.507339  0.000000 -0.000000 -0.000000 -0.507339  0.000000 ) 
     freq (    2) =       3.749945 [THz] =     125.084706 [cm-1]
 (  0.000000 -0.254229 -0.608350 -0.000000  0.000000 -0.254229 ) 
 ( -0.233981 -0.000000  0.000000 -0.625421 -0.233981  0.000000 ) 
     freq (    3) =       5.472778 [THz] =     182.552231 [cm-1]
 (  0.000000  0.272330 -0.290154  0.000000 -0.000000  0.272330 ) 
 ( -0.541016  0.000000 -0.000000  0.426715 -0.541016  0.000000 ) 
     freq (    4) =      10.677964 [THz] =     356.178524 [cm-1]
 (  0.000000  0.678456  0.126018 -0.000000  0.000000  0.678456 ) 
 (  0.011640 -0.000000 -0.000000 -0.251483  0.011640 -0.000000 ) 
     freq (    5) =      10.748100 [THz] =     358.518025 [cm-1]
 (  0.000000  0.667488 -0.000000 -0.000000  0.000000 -0.667488 ) 
 (  0.233367 -0.000000 -0.000000  0.000000 -0.233367  0.000000 ) 
     freq (    6) =      11.240246 [THz] =     374.934244 [cm-1]
 ( -0.000000 -0.154669  0.931445 -0.000000  0.000000 -0.154669 ) 
 ( -0.176667  0.000000 -0.000000 -0.148803 -0.176667  0.000000 ) 
 **************************************************************************
