Dynamical matrix file
Phonons on a uniform q-grid                                                
  2    2   2  10.5000000   0.0000000   0.0000000   0.0000000   0.0000000   0.0000000
           1  'Al  '    24590.765679071552     
           2  'As  '    68285.402693700540     
    1    1      0.0000000000      0.0000000000      0.0000000000
    2    2      0.2500000000      0.2500000000      0.2500000000

     Dynamical  Matrix in cartesian axes

     q = (   -0.250000000   0.250000000  -0.250000000 ) 

    1    1
  0.22816150  -0.00000000    -0.02316688   0.00000000     0.02316688  -0.00000000
 -0.02316688   0.00000000     0.22816150  -0.00000000    -0.02316688   0.00000000
  0.02316688  -0.00000000    -0.02316688   0.00000000     0.22816150  -0.00000000
    1    2
 -0.16368825  -0.05607781    -0.03183892   0.04540180     0.03183892  -0.04540180
 -0.03183892   0.04540180    -0.16368825  -0.05607781    -0.03183892   0.04540180
  0.03183892  -0.04540180    -0.03183892   0.04540180    -0.16368825  -0.05607781
    2    1
 -0.16368825   0.05607781    -0.03183892  -0.04540180     0.03183892   0.04540180
 -0.03183892  -0.04540180    -0.16368825   0.05607781    -0.03183892  -0.04540180
  0.03183892   0.04540180    -0.03183892  -0.04540180    -0.16368825   0.05607781
    2    2
  0.23164729   0.00000000    -0.01861290  -0.00000000     0.01861290   0.00000000
 -0.01861290  -0.00000000     0.23164729   0.00000000    -0.01861290  -0.00000000
  0.01861290   0.00000000    -0.01861290  -0.00000000     0.23164729   0.00000000

     Dynamical  Matrix in cartesian axes

     q = (    0.250000000  -0.250000000   0.250000000 ) 

    1    1
  0.22816150   0.00000000    -0.02316688  -0.00000000     0.02316688   0.00000000
 -0.02316688  -0.00000000     0.22816150   0.00000000    -0.02316688  -0.00000000
  0.02316688   0.00000000    -0.02316688  -0.00000000     0.22816150   0.00000000
    1    2
 -0.16368825   0.05607781    -0.03183892  -0.04540180     0.03183892   0.04540180
 -0.03183892  -0.04540180    -0.16368825   0.05607781    -0.03183892  -0.04540180
  0.03183892   0.04540180    -0.03183892  -0.04540180    -0.16368825   0.05607781
    2    1
 -0.16368825  -0.05607781    -0.03183892   0.04540180     0.03183892  -0.04540180
 -0.03183892   0.04540180    -0.16368825  -0.05607781    -0.03183892   0.04540180
  0.03183892  -0.04540180    -0.03183892   0.04540180    -0.16368825  -0.05607781
    2    2
  0.23164729  -0.00000000    -0.01861290   0.00000000     0.01861290  -0.00000000
 -0.01861290   0.00000000     0.23164729  -0.00000000    -0.01861290   0.00000000
  0.01861290  -0.00000000    -0.01861290   0.00000000     0.23164729  -0.00000000

     Dynamical  Matrix in cartesian axes

     q = (    0.250000000  -0.250000000  -0.250000000 ) 

    1    1
  0.22816150  -0.00000000    -0.02316688   0.00000000    -0.02316688   0.00000000
 -0.02316688   0.00000000     0.22816150  -0.00000000     0.02316688  -0.00000000
 -0.02316688   0.00000000     0.02316688  -0.00000000     0.22816150  -0.00000000
    1    2
 -0.16368825  -0.05607781    -0.03183892   0.04540180    -0.03183892   0.04540180
 -0.03183892   0.04540180    -0.16368825  -0.05607781     0.03183892  -0.04540180
 -0.03183892   0.04540180     0.03183892  -0.04540180    -0.16368825  -0.05607781
    2    1
 -0.16368825   0.05607781    -0.03183892  -0.04540180    -0.03183892  -0.04540180
 -0.03183892  -0.04540180    -0.16368825   0.05607781     0.03183892   0.04540180
 -0.03183892  -0.04540180     0.03183892   0.04540180    -0.16368825   0.05607781
    2    2
  0.23164729   0.00000000    -0.01861290  -0.00000000    -0.01861290  -0.00000000
 -0.01861290  -0.00000000     0.23164729   0.00000000     0.01861290   0.00000000
 -0.01861290   0.00000000     0.01861290   0.00000000     0.23164729   0.00000000

     Dynamical  Matrix in cartesian axes

     q = (   -0.250000000   0.250000000   0.250000000 ) 

    1    1
  0.22816150   0.00000000    -0.02316688  -0.00000000    -0.02316688  -0.00000000
 -0.02316688  -0.00000000     0.22816150   0.00000000     0.02316688   0.00000000
 -0.02316688  -0.00000000     0.02316688   0.00000000     0.22816150   0.00000000
    1    2
 -0.16368825   0.05607781    -0.03183892  -0.04540180    -0.03183892  -0.04540180
 -0.03183892  -0.04540180    -0.16368825   0.05607781     0.03183892   0.04540180
 -0.03183892  -0.04540180     0.03183892   0.04540180    -0.16368825   0.05607781
    2    1
 -0.16368825  -0.05607781    -0.03183892   0.04540180    -0.03183892   0.04540180
 -0.03183892   0.04540180    -0.16368825  -0.05607781     0.03183892  -0.04540180
 -0.03183892   0.04540180     0.03183892  -0.04540180    -0.16368825  -0.05607781
    2    2
  0.23164729  -0.00000000    -0.01861290   0.00000000    -0.01861290   0.00000000
 -0.01861290   0.00000000     0.23164729  -0.00000000     0.01861290  -0.00000000
 -0.01861290  -0.00000000     0.01861290  -0.00000000     0.23164729  -0.00000000

     Dynamical  Matrix in cartesian axes

     q = (   -0.250000000  -0.250000000   0.250000000 ) 

    1    1
  0.22816150  -0.00000000     0.02316688  -0.00000000    -0.02316688   0.00000000
  0.02316688  -0.00000000     0.22816150  -0.00000000    -0.02316688   0.00000000
 -0.02316688   0.00000000    -0.02316688   0.00000000     0.22816150  -0.00000000
    1    2
 -0.16368825  -0.05607781     0.03183892  -0.04540180    -0.03183892   0.04540180
  0.03183892  -0.04540180    -0.16368825  -0.05607781    -0.03183892   0.04540180
 -0.03183892   0.04540180    -0.03183892   0.04540180    -0.16368825  -0.05607781
    2    1
 -0.16368825   0.05607781     0.03183892   0.04540180    -0.03183892  -0.04540180
  0.03183892   0.04540180    -0.16368825   0.05607781    -0.03183892  -0.04540180
 -0.03183892  -0.04540180    -0.03183892  -0.04540180    -0.16368825   0.05607781
    2    2
  0.23164729   0.00000000     0.01861290   0.00000000    -0.01861290  -0.00000000
  0.01861290   0.00000000     0.23164729   0.00000000    -0.01861290  -0.00000000
 -0.01861290  -0.00000000    -0.01861290  -0.00000000     0.23164729   0.00000000

     Dynamical  Matrix in cartesian axes

     q = (    0.250000000   0.250000000  -0.250000000 ) 

    1    1
  0.22816150   0.00000000     0.02316688   0.00000000    -0.02316688  -0.00000000
  0.02316688   0.00000000     0.22816150   0.00000000    -0.02316688  -0.00000000
 -0.02316688  -0.00000000    -0.02316688  -0.00000000     0.22816150   0.00000000
    1    2
 -0.16368825   0.05607781     0.03183892   0.04540180    -0.03183892  -0.04540180
  0.03183892   0.04540180    -0.16368825   0.05607781    -0.03183892  -0.04540180
 -0.03183892  -0.04540180    -0.03183892  -0.04540180    -0.16368825   0.05607781
    2    1
 -0.16368825  -0.05607781     0.03183892  -0.04540180    -0.03183892   0.04540180
  0.03183892  -0.04540180    -0.16368825  -0.05607781    -0.03183892   0.04540180
 -0.03183892   0.04540180    -0.03183892   0.04540180    -0.16368825  -0.05607781
    2    2
  0.23164729  -0.00000000     0.01861290  -0.00000000    -0.01861290   0.00000000
  0.01861290  -0.00000000     0.23164729  -0.00000000    -0.01861290   0.00000000
 -0.01861290   0.00000000    -0.01861290   0.00000000     0.23164729  -0.00000000

     Dynamical  Matrix in cartesian axes

     q = (    0.250000000   0.250000000   0.250000000 ) 

    1    1
  0.22816150  -0.00000000     0.02316688  -0.00000000     0.02316688  -0.00000000
  0.02316688  -0.00000000     0.22816150  -0.00000000     0.02316688  -0.00000000
  0.02316688  -0.00000000     0.02316688  -0.00000000     0.22816150  -0.00000000
    1    2
 -0.05607781   0.16368825    -0.04540180  -0.03183892    -0.04540180  -0.03183892
 -0.04540180  -0.03183892    -0.05607781   0.16368825    -0.04540180  -0.03183892
 -0.04540180  -0.03183892    -0.04540180  -0.03183892    -0.05607781   0.16368825
    2    1
 -0.05607781  -0.16368825    -0.04540180   0.03183892    -0.04540180   0.03183892
 -0.04540180   0.03183892    -0.05607781  -0.16368825    -0.04540180   0.03183892
 -0.04540180   0.03183892    -0.04540180   0.03183892    -0.05607781  -0.16368825
    2    2
  0.23164729   0.00000000     0.01861290   0.00000000     0.01861290   0.00000000
  0.01861290   0.00000000     0.23164729   0.00000000     0.01861290   0.00000000
  0.01861290   0.00000000     0.01861290   0.00000000     0.23164729   0.00000000

     Dynamical  Matrix in cartesian axes

     q = (   -0.250000000  -0.250000000  -0.250000000 ) 

    1    1
  0.22816150   0.00000000     0.02316688   0.00000000     0.02316688   0.00000000
  0.02316688   0.00000000     0.22816150   0.00000000     0.02316688   0.00000000
  0.02316688   0.00000000     0.02316688   0.00000000     0.22816150   0.00000000
    1    2
 -0.05607781  -0.16368825    -0.04540180   0.03183892    -0.04540180   0.03183892
 -0.04540180   0.03183892    -0.05607781  -0.16368825    -0.04540180   0.03183892
 -0.04540180   0.03183892    -0.04540180   0.03183892    -0.05607781  -0.16368825
    2    1
 -0.05607781   0.16368825    -0.04540180  -0.03183892    -0.04540180  -0.03183892
 -0.04540180  -0.03183892    -0.05607781   0.16368825    -0.04540180  -0.03183892
 -0.04540180  -0.03183892    -0.04540180  -0.03183892    -0.05607781   0.16368825
    2    2
  0.23164729  -0.00000000     0.01861290  -0.00000000     0.01861290  -0.00000000
  0.01861290  -0.00000000     0.23164729  -0.00000000     0.01861290  -0.00000000
  0.01861290  -0.00000000     0.01861290  -0.00000000     0.23164729  -0.00000000

     Diagonalizing the dynamical matrix

     q = (   -0.250000000   0.250000000  -0.250000000 ) 

 **************************************************************************
     freq (    1) =       1.752913 [THz] =      58.470881 [cm-1]
 ( -0.276220  0.429298 -0.200596  0.433427  0.075624  0.004129 ) 
 ( -0.255233  0.448692 -0.178647  0.448692  0.076585  0.000000 ) 
     freq (    2) =       1.752913 [THz] =      58.470881 [cm-1]
 ( -0.252403 -0.072919  0.315857 -0.041892  0.568260  0.031028 ) 
 ( -0.258872 -0.059712  0.316613 -0.059712  0.575485  0.000000 ) 
     freq (    3) =       4.541901 [THz] =     151.501516 [cm-1]
 ( -0.199954 -0.293664  0.199954  0.293664 -0.199954 -0.293664 ) 
 ( -0.455097  0.000000  0.455097 -0.000000 -0.455097  0.000000 ) 
     freq (    4) =      10.996198 [THz] =     366.793681 [cm-1]
 (  0.026596 -0.230167  0.643245 -0.196497  0.616649  0.033670 ) 
 ( -0.004989  0.082363 -0.224920  0.082363 -0.219932  0.000000 ) 
     freq (    5) =      10.996198 [THz] =     366.793681 [cm-1]
 ( -0.680013  0.274829 -0.222172  0.299828  0.457841  0.024999 ) 
 (  0.236474 -0.110931  0.073182 -0.110931 -0.163292  0.000000 ) 
     freq (    6) =      11.949879 [THz] =     398.605047 [cm-1]
 ( -0.312815 -0.459419  0.312815  0.459419 -0.312815 -0.459419 ) 
 (  0.156252 -0.000000 -0.156252 -0.000000  0.156252  0.000000 ) 
 **************************************************************************
